URL,Version,Status,OIDs,Name,Title,Descriptino,Uses,Used,Sources
http://hl7.org/fhir/ValueSet/address-type,4.0.1,active,"2.16.840.1.113883.4.642.3.69",AddressType,AddressType,"The type of an address (physical / postal).","StructureDefinition/as-address-extended","hl7.fhir.r4.core"
http://hl7.org/fhir/ValueSet/address-use,4.0.1,active,"2.16.840.1.113883.4.642.3.67",AddressUse,AddressUse,"The use of an address.","StructureDefinition/as-address-extended","hl7.fhir.r4.core"
http://hl7.org/fhir/ValueSet/administrative-gender,4.0.1,active,"2.16.840.1.113883.4.642.3.1",AdministrativeGender,AdministrativeGender,"The gender of a person used for administrative purposes.","StructureDefinition/as-practitioner,StructureDefinition/as-dr-practitioner,StructureDefinition/as-person,StructureDefinition/as-dr-person,StructureDefinition/as-dp-practitioner","hl7.fhir.r4.core"
http://hl7.org/fhir/ValueSet/c80-practice-codes,4.0.1,active,"2.16.840.1.113883.3.88.12.80.72",PracticeSettingCodeValueSet,Practice Setting Code Value Set,"This is the code representing the clinical specialty of the clinician or provider who interacted with, treated, or provided a service to/for the patient. The value set used for clinical specialty has been limited by HITSP to the value set reproduced from HITSP C80 Table 2-149 Clinical Specialty Value Set Definition.","StructureDefinition/as-dr-healthcareservice-social-equipment,StructureDefinition/as-dp-healthcareservice-social-equipment,StructureDefinition/as-healthcareservice-social-equipment","SCT"
http://hl7.org/fhir/ValueSet/common-tags,4.0.1,draft,"2.16.840.1.113883.4.642.3.79",CommonTags,Common Tags,"Common Tag Codes defined by FHIR project","StructureDefinition/as-device,StructureDefinition/as-dr-healthcareservice-social-equipment,StructureDefinition/as-dp-healthcareservice-social-equipment,StructureDefinition/as-dr-practitioner,StructureDefinition/as-person,StructureDefinition/as-organization,StructureDefinition/as-dr-organization,StructureDefinition/as-dp-organization,StructureDefinition/as-dp-practitioner,StructureDefinition/as-practitionerrole,StructureDefinition/as-practitioner,StructureDefinition/as-healthcareservice-social-equipment,StructureDefinition/as-dr-healthcareservice-healthcare-activity,StructureDefinition/as-dr-person,StructureDefinition/as-dp-healthcareservice-healthcare-activity,StructureDefinition/as-healthcareservice-healthcare-activity,StructureDefinition/as-dr-practitionerrole,StructureDefinition/as-location,StructureDefinition/as-dp-practitionerrole,StructureDefinition/as-dp-device,StructureDefinition/as-dr-device","THO"
http://hl7.org/fhir/ValueSet/contact-point-system,4.0.1,active,"2.16.840.1.113883.4.642.3.71",ContactPointSystem,ContactPointSystem,"Telecommunications form for contact point.","StructureDefinition/as-practitioner,StructureDefinition/as-dr-practitioner,StructureDefinition/as-person,StructureDefinition/as-organization,StructureDefinition/as-dr-person,StructureDefinition/as-dr-organization,StructureDefinition/as-mailbox-mss,StructureDefinition/as-dp-practitionerrole,StructureDefinition/as-dp-organization,StructureDefinition/as-dp-practitioner","hl7.fhir.r4.core"
http://hl7.org/fhir/ValueSet/contact-point-use,4.0.1,active,"2.16.840.1.113883.4.642.3.73",ContactPointUse,ContactPointUse,"Use of contact point.","StructureDefinition/as-practitioner,StructureDefinition/as-dr-practitioner,StructureDefinition/as-person,StructureDefinition/as-organization,StructureDefinition/as-dr-person,StructureDefinition/as-dr-organization,StructureDefinition/as-mailbox-mss,StructureDefinition/as-dp-practitionerrole,StructureDefinition/as-dp-organization,StructureDefinition/as-dp-practitioner","hl7.fhir.r4.core"
http://hl7.org/fhir/ValueSet/contactentity-type,4.0.1,draft,"2.16.840.1.113883.4.642.3.416",ContactEntityType,Contact entity type,"This example value set defines a set of codes that can be used to indicate the purpose for which you would contact a contact party.","StructureDefinition/as-organization,StructureDefinition/as-dr-organization,StructureDefinition/as-dp-organization","THO"
http://hl7.org/fhir/ValueSet/days-of-week,4.0.1,active,"2.16.840.1.113883.4.642.3.512",DaysOfWeek,DaysOfWeek,"The days of the week.","StructureDefinition/as-practitionerrole,StructureDefinition/as-dr-healthcareservice-social-equipment,StructureDefinition/as-dp-healthcareservice-social-equipment,StructureDefinition/as-dr-healthcareservice-healthcare-activity,StructureDefinition/as-healthcareservice-social-equipment,StructureDefinition/as-dp-healthcareservice-healthcare-activity,StructureDefinition/as-healthcareservice-healthcare-activity,StructureDefinition/as-dr-practitionerrole,StructureDefinition/as-location,StructureDefinition/as-dp-practitionerrole","hl7.fhir.r4.core"
http://hl7.org/fhir/ValueSet/device-nametype,4.0.1,draft,"2.16.840.1.113883.4.642.3.1083",DeviceNameType,DeviceNameType,"The type of name the device is referred by.","StructureDefinition/as-device,StructureDefinition/as-dp-device,StructureDefinition/as-dr-device","hl7.fhir.r4.core"
http://hl7.org/fhir/ValueSet/device-status,4.0.1,draft,"2.16.840.1.113883.4.642.3.209",FHIRDeviceStatus,FHIRDeviceStatus,"The availability status of the device.","StructureDefinition/as-device,StructureDefinition/as-dp-device,StructureDefinition/as-dr-device","hl7.fhir.r4.core"
http://hl7.org/fhir/ValueSet/device-status-reason,4.0.1,draft,"2.16.840.1.113883.4.642.3.1081",FHIRDeviceStatusReason,FHIRDeviceStatusReason,"The availability status reason of the device.","StructureDefinition/as-device,StructureDefinition/as-dp-device,StructureDefinition/as-dr-device","THO"
http://hl7.org/fhir/ValueSet/identifier-type,4.0.1,active,"2.16.840.1.113883.4.642.3.45",Identifier Type Codes,IdentifierType,"A coded type for an identifier that can be used to determine which identifier to use for a specific purpose.","StructureDefinition/as-device,StructureDefinition/as-dr-healthcareservice-social-equipment,StructureDefinition/as-dp-healthcareservice-social-equipment,StructureDefinition/as-dr-practitioner,StructureDefinition/as-organization,StructureDefinition/as-dr-organization,StructureDefinition/as-dp-organization,StructureDefinition/as-dp-practitioner,StructureDefinition/as-practitionerrole,StructureDefinition/as-practitioner,StructureDefinition/as-healthcareservice-social-equipment,StructureDefinition/as-dr-healthcareservice-healthcare-activity,StructureDefinition/as-dp-healthcareservice-healthcare-activity,StructureDefinition/as-healthcareservice-healthcare-activity,StructureDefinition/as-dr-practitionerrole,StructureDefinition/as-dp-practitionerrole,StructureDefinition/as-dp-device,StructureDefinition/as-dr-device","THO (V2)"
http://hl7.org/fhir/ValueSet/identifier-use,4.0.1,active,"2.16.840.1.113883.4.642.3.57",IdentifierUse,IdentifierUse,"Identifies the purpose for this identifier, if known .","StructureDefinition/as-device,StructureDefinition/as-dr-healthcareservice-social-equipment,StructureDefinition/as-dp-healthcareservice-social-equipment,StructureDefinition/as-dr-practitioner,StructureDefinition/as-organization,StructureDefinition/as-dr-organization,StructureDefinition/as-dp-organization,StructureDefinition/as-dp-practitioner,StructureDefinition/as-practitionerrole,StructureDefinition/as-practitioner,StructureDefinition/as-healthcareservice-social-equipment,StructureDefinition/as-dr-healthcareservice-healthcare-activity,StructureDefinition/as-dp-healthcareservice-healthcare-activity,StructureDefinition/as-healthcareservice-healthcare-activity,StructureDefinition/as-dr-practitionerrole,StructureDefinition/as-location,StructureDefinition/as-dp-practitionerrole,StructureDefinition/as-dp-device,StructureDefinition/as-dr-device","hl7.fhir.r4.core"
http://hl7.org/fhir/ValueSet/identity-assuranceLevel,4.0.1,draft,"2.16.840.1.113883.4.642.3.656",IdentityAssuranceLevel,IdentityAssuranceLevel,"The level of confidence that this link represents the same actual person, based on NIST Authentication Levels.","StructureDefinition/as-person,StructureDefinition/as-dr-person","hl7.fhir.r4.core"
http://hl7.org/fhir/ValueSet/languages,4.0.1,draft,"2.16.840.1.113883.4.642.3.20",CommonLanguages,Common Languages,"This value set includes common codes from BCP-47 (http://tools.ietf.org/html/bcp47)","StructureDefinition/as-device,StructureDefinition/as-dr-healthcareservice-social-equipment,StructureDefinition/as-dp-healthcareservice-social-equipment,StructureDefinition/as-dr-practitioner,StructureDefinition/as-person,StructureDefinition/as-organization,StructureDefinition/as-dr-organization,StructureDefinition/as-dp-organization,StructureDefinition/as-dp-practitioner,StructureDefinition/as-practitionerrole,StructureDefinition/as-practitioner,StructureDefinition/as-healthcareservice-social-equipment,StructureDefinition/as-dr-healthcareservice-healthcare-activity,StructureDefinition/as-dr-person,StructureDefinition/as-dp-healthcareservice-healthcare-activity,StructureDefinition/as-healthcareservice-healthcare-activity,StructureDefinition/as-dr-practitionerrole,StructureDefinition/as-location,StructureDefinition/as-dp-practitionerrole,StructureDefinition/as-dp-device,StructureDefinition/as-dr-device","hl7.terminology.r4"
http://hl7.org/fhir/ValueSet/location-mode,4.0.1,draft,"2.16.840.1.113883.4.642.3.330",LocationMode,LocationMode,"Indicates whether a resource instance represents a specific location or a class of locations.","StructureDefinition/as-location","hl7.fhir.r4.core"
http://hl7.org/fhir/ValueSet/location-status,4.0.1,draft,"2.16.840.1.113883.4.642.3.332",LocationStatus,LocationStatus,"Indicates whether the location is still in use.","StructureDefinition/as-location","hl7.fhir.r4.core"
http://hl7.org/fhir/ValueSet/name-use,4.0.1,active,"2.16.840.1.113883.4.642.3.65",NameUse,NameUse,"The use of a human name.","StructureDefinition/as-practitioner,StructureDefinition/as-dr-practitioner,StructureDefinition/as-person,StructureDefinition/as-dr-person,StructureDefinition/as-dp-practitioner","hl7.fhir.r4.core"
http://hl7.org/fhir/ValueSet/organization-type,4.0.1,draft,"2.16.840.1.113883.4.642.3.414",OrganizationType,Organization type,"This example value set defines a set of codes that can be used to indicate a type of organization.","StructureDefinition/as-organization,StructureDefinition/as-dr-organization,StructureDefinition/as-dp-organization","THO"
http://hl7.org/fhir/ValueSet/program,4.0.1,draft,"2.16.840.1.113883.4.642.3.1383",Program,Program,"This value set defines an example set of codes that could be can be used to classify groupings of service-types/specialties.","StructureDefinition/as-dr-healthcareservice-social-equipment,StructureDefinition/as-dp-healthcareservice-social-equipment,StructureDefinition/as-dr-healthcareservice-healthcare-activity,StructureDefinition/as-healthcareservice-social-equipment,StructureDefinition/as-dp-healthcareservice-healthcare-activity,StructureDefinition/as-healthcareservice-healthcare-activity","THO"
http://hl7.org/fhir/ValueSet/resource-types,4.0.1,active,"2.16.840.1.113883.4.642.3.27",ResourceType,ResourceType,"One of the resource types defined as part of this version of FHIR.","StructureDefinition/as-location","hl7.fhir.r4.core"
http://hl7.org/fhir/ValueSet/security-labels,4.0.1,active,"2.16.840.1.113883.4.642.3.47",All Security Labels,SecurityLabels,"A single value set for all security labels defined by FHIR.","StructureDefinition/as-device,StructureDefinition/as-dr-healthcareservice-social-equipment,StructureDefinition/as-dp-healthcareservice-social-equipment,StructureDefinition/as-dr-practitioner,StructureDefinition/as-person,StructureDefinition/as-organization,StructureDefinition/as-dr-organization,StructureDefinition/as-dp-organization,StructureDefinition/as-dp-practitioner,StructureDefinition/as-practitionerrole,StructureDefinition/as-practitioner,StructureDefinition/as-healthcareservice-social-equipment,StructureDefinition/as-dr-healthcareservice-healthcare-activity,StructureDefinition/as-dr-person,StructureDefinition/as-dp-healthcareservice-healthcare-activity,StructureDefinition/as-healthcareservice-healthcare-activity,StructureDefinition/as-dr-practitionerrole,StructureDefinition/as-location,StructureDefinition/as-dp-practitionerrole,StructureDefinition/as-dp-device,StructureDefinition/as-dr-device",
http://hl7.org/fhir/ValueSet/service-category,4.0.1,draft,"2.16.840.1.113883.4.642.3.516",ServiceCategory,Service category,"This value set defines an example set of codes that can be used to classify groupings of service-types/specialties.","StructureDefinition/as-dr-healthcareservice-social-equipment,StructureDefinition/as-dp-healthcareservice-social-equipment,StructureDefinition/as-healthcareservice-social-equipment","THO"
http://hl7.org/fhir/ValueSet/service-provision-conditions,4.0.1,draft,"2.16.840.1.113883.4.642.3.514",ServiceProvisionConditions,ServiceProvisionConditions,"The code(s) that detail the conditions under which the healthcare service is available/offered.","StructureDefinition/as-dr-healthcareservice-social-equipment,StructureDefinition/as-dp-healthcareservice-social-equipment,StructureDefinition/as-dr-healthcareservice-healthcare-activity,StructureDefinition/as-healthcareservice-social-equipment,StructureDefinition/as-dp-healthcareservice-healthcare-activity,StructureDefinition/as-healthcareservice-healthcare-activity","THO"
http://hl7.org/fhir/ValueSet/service-referral-method,4.0.1,draft,"2.16.840.1.113883.4.642.3.510",ReferralMethod,ReferralMethod,"The methods of referral can be used when referring to a specific HealthCareService resource.","StructureDefinition/as-dr-healthcareservice-social-equipment,StructureDefinition/as-dp-healthcareservice-social-equipment,StructureDefinition/as-dr-healthcareservice-healthcare-activity,StructureDefinition/as-healthcareservice-social-equipment,StructureDefinition/as-dp-healthcareservice-healthcare-activity,StructureDefinition/as-healthcareservice-healthcare-activity","THO"
http://hl7.org/fhir/ValueSet/udi-entry-type,4.0.1,draft,"2.16.840.1.113883.4.642.3.211",UDIEntryType,UDIEntryType,"Codes to identify how UDI data was entered.","StructureDefinition/as-device,StructureDefinition/as-dp-device,StructureDefinition/as-dr-device","hl7.fhir.r4.core"
http://terminology.hl7.org/ValueSet/v2-0116,2.0.0,active,"2.16.840.1.113883.21.51",Hl7VSBedStatus,hl7VS-bedStatus,"Value Set of codes that specify the state of a bed in an inpatient setting, and is used to determine if a patient may be assigned to it or not.","StructureDefinition/as-location","THO (V2)"
https://hl7.fr/ig/fhir/core/ValueSet/fr-core-vs-email-type,2.0.0,draft,,FRCoreValueSetEmailType,FR Core ValueSet Email type,"The type of email","StructureDefinition/as-mailbox-mss,StructureDefinition/as-dp-practitionerrole,StructureDefinition/as-dp-organization,StructureDefinition/as-dp-practitioner","ans.fr.nos"
https://hl7.fr/ig/fhir/core/ValueSet/fr-core-vs-location-identifier-type,2.0.0,active,,FRCoreValueSetLocationIdentifierType,FR Core ValueSet Location identifier type,"A coded type for a location | Jeu de valeurs des types d'identifiant de lieu.","StructureDefinition/as-location","hl7.fhir.fr.core"
https://hl7.fr/ig/fhir/core/ValueSet/fr-core-vs-location-physical-type,2.0.0,active,,FRCoreValueSetLocationPhysicalType,FR Core ValueSet Location physical type,"French location physical type | Types de lieux physiques pour la France","StructureDefinition/as-location","hl7.fhir.fr.core"
https://hl7.fr/ig/fhir/core/ValueSet/fr-core-vs-location-type,2.0.0,active,,FRCoreValueSetLocationType,FR Core ValueSet Location type,"A role for a location | Jeu de valeurs du rôle joué par un lieu","StructureDefinition/as-location","hl7.fhir.fr.core"
https://hl7.fr/ig/fhir/core/ValueSet/fr-core-vs-organization-type,2.0.0,active,,FRCoreValueSetOrganizationType,FR Core ValueSet Organization type,"Organization types | Types de structures","StructureDefinition/as-organization,StructureDefinition/as-dr-organization,StructureDefinition/as-dp-organization","hl7.fhir.fr.core"
https://hl7.fr/ig/fhir/core/ValueSet/fr-core-vs-practitioner-identifier-type,2.0.0,active,,FRCoreValueSetPractitionerIdentifierType,FR Core ValueSet Practitioner identifier type,"A coded type for an identifier that can be used to determine which identifier to use for a specific purpose (providers identification)","StructureDefinition/as-practitioner,StructureDefinition/as-dr-practitioner,StructureDefinition/as-dp-practitioner","THO (V2),ans.fr.nos,hl7.fhir.fr.core"
https://hl7.fr/ig/fhir/core/ValueSet/fr-core-vs-practitioner-role-exercice,2.0.0,active,,FRCoreValueSetPractitionerRoleExercice,FR Core ValueSet PractitionerRole Exercice,"The exercice(s) of the practitioner.","StructureDefinition/as-practitionerrole,StructureDefinition/as-dr-practitionerrole,StructureDefinition/as-dp-practitionerrole","ans.fr.nos"
https://hl7.fr/ig/fhir/core/ValueSet/fr-core-vs-practitioner-specialty,2.0.0,active,,FRCoreValueSetPractitionerSpecialty,FR Core ValueSet Practitioner specialty,"The modalities of exercice of the practitioner, registered by an official organization for a period of time.","StructureDefinition/as-practitionerrole,StructureDefinition/as-dr-practitionerrole,StructureDefinition/as-dp-practitionerrole","ans.fr.nos"
https://interop.esante.gouv.fr/ig/fhir/annuaire/ValueSet/VS-TRE-R286-TypeFermeture,1.0.0,active,,VS_TRE_R286_TypeFermeture,ValueSet pour l'ensemble des codes concepts de la TRE avec l'url : https://mos.esante.gouv.fr/NOS/TRE_R286-TypeFermeture/FHIR/TRE-R286-TypeFermeture,"JDV des NOS contenant l'ensemble des codes concepts de la TRE avec l'url : https://mos.esante.gouv.fr/NOS/TRE_R286-TypeFermeture/FHIR/TRE-R286-TypeFermeture","StructureDefinition/as-ext-organization-closing-type","ans.fr.nos"
https://interop.esante.gouv.fr/ig/fhir/annuaire/ValueSet/VS-TRE-R301-SourceInformationInstallation,1.0.0,active,,VS_TRE_R301_SourceInformationInstallation,ValueSet pour l'ensemble des codes concepts de la TRE avec l'url : https://mos.esante.gouv.fr/NOS/TRE_R301-SourceInformationInstallation/FHIR/TRE-R301-SourceInformationInstallation,"JDV des NOS contenant l'ensemble des codes concepts de la TRE avec l'url : https://mos.esante.gouv.fr/NOS/TRE_R301-SourceInformationInstallation/FHIR/TRE-R301-SourceInformationInstallation","StructureDefinition/as-dr-healthcareservice-social-equipment,StructureDefinition/as-dp-healthcareservice-social-equipment,StructureDefinition/as-healthcareservice-social-equipment,StructureDefinition/as-ext-healthcareservice-authorization","ans.fr.nos"
https://interop.esante.gouv.fr/ig/fhir/annuaire/ValueSet/VS-TRE-R74-ModeFixationTarifaire,1.0.0,active,,VS_TRE_R74_ModeFixationTarifaire,ValueSet pour l'ensemble des codes concepts de la TRE avec l'url : https://mos.esante.gouv.fr/NOS/TRE_R74-ModeFixationTarifaire/FHIR/TRE-R74-ModeFixationTarifaire,"JDV des NOS contenant l'ensemble des codes concepts de la TRE avec l'url : https://mos.esante.gouv.fr/NOS/TRE_R74-ModeFixationTarifaire/FHIR/TRE-R74-ModeFixationTarifaire","StructureDefinition/as-ext-organization-pricing-model","ans.fr.nos"
https://interop.esante.gouv.fr/ig/fhir/annuaire/ValueSet/as-vs-intern-id-systems,1.0.0,active,,AsVSInterneIdSystems,AS ValueSet Internal Identifier Systems,"ValueSet contenant les identifiants internes","StructureDefinition/as-dp-practitioner","Internal"
https://interop.esante.gouv.fr/ig/fhir/annuaire/ValueSet/as-vs-organization-types,1.0.0,active,,AsVsOrganizationTypes,AS ValueSet OrganizationTypes,"ValueSet définissant les types d'organisation","StructureDefinition/as-organization,StructureDefinition/as-dr-organization,StructureDefinition/as-ext-organization-types,StructureDefinition/as-dp-organization","ans.fr.nos"
https://interop.esante.gouv.fr/ig/fhir/annuaire/ValueSet/as-vs-type-systeme-information,1.0.0,active,,AsVsTypeSystemeInformationVS,AS ValueSet type de système d'information,"ValueSet définissant les types de systèmes d'information pouvant alimenter l'annuaire santé.","StructureDefinition/as-ext-data-trace","Internal"
https://mos.esante.gouv.fr/NOS/JDV_J100-FinessStatutJuridique-RASS/FHIR/JDV-J100-FinessStatutJuridique-RASS,1.2.0,active,"1.2.250.1.213.1.6.1.168",JDV_J100-FinessStatutJuridique-RASS,null,"Statut juridique FINESS dans le RASS","StructureDefinition/as-organization,StructureDefinition/as-dr-organization,StructureDefinition/as-dp-organization","ans.fr.nos"
https://mos.esante.gouv.fr/NOS/JDV_J101-SecteurActivite-RASS/FHIR/JDV-J101-SecteurActivite-RASS,1.2.0,active,"1.2.250.1.213.1.6.1.169",JDV_J101-SecteurActivite-RASS,null,"Secteurs d'activité des établissements avec la même activité dans le RASS","StructureDefinition/as-organization,StructureDefinition/as-dr-organization,StructureDefinition/as-dp-organization","ans.fr.nos"
https://mos.esante.gouv.fr/NOS/JDV_J103-TypeVoie-RASS/FHIR/JDV-J103-TypeVoie-RASS,1.2.0,active,"1.2.250.1.213.1.6.1.171",JDV_J103-TypeVoie-RASS,null,"Type de voie du professionnel du RASS","StructureDefinition/as-address-extended","ans.fr.nos"
https://mos.esante.gouv.fr/NOS/JDV_J105-EnsembleDiplome-RASS/FHIR/JDV-J105-EnsembleDiplome-RASS,1.2.0,active,"1.2.250.1.213.1.6.1.173",JDV_J105-EnsembleDiplome-RASS,null,"Ensemble des diplômes et qualifications du RASS","StructureDefinition/as-practitioner,StructureDefinition/as-dr-practitioner,StructureDefinition/as-dp-practitioner","ans.fr.nos"
https://mos.esante.gouv.fr/NOS/JDV_J106-EnsembleProfession-RASS/FHIR/JDV-J106-EnsembleProfession-RASS,1.2.0,active,"1.2.250.1.213.1.6.1.174",JDV_J106-EnsembleProfession-RASS,null,"Ensemble des professions du RASS","StructureDefinition/as-practitioner,StructureDefinition/as-dr-practitioner,StructureDefinition/as-ext-practitioner-authorization,StructureDefinition/as-dp-practitioner","ans.fr.nos"
https://mos.esante.gouv.fr/NOS/JDV_J107-EnsembleSavoirFaire-RASS/FHIR/JDV-J107-EnsembleSavoirFaire-RASS,1.2.0,active,"1.2.250.1.213.1.6.1.175",JDV_J107-EnsembleSavoirFaire-RASS,null,"Ensemble des savoir-faire et compétences du RASS","StructureDefinition/as-practitioner,StructureDefinition/as-dr-practitioner,StructureDefinition/as-dp-practitioner","ans.fr.nos"
https://mos.esante.gouv.fr/NOS/JDV_J108-EnsembleFonction-RASS/FHIR/JDV-J108-EnsembleFonction-RASS,1.2.0,active,"1.2.250.1.213.1.6.1.176",JDV_J108-EnsembleFonction-RASS,null,"Ensemble des fonctions et rôles du RASS","StructureDefinition/as-practitionerrole,StructureDefinition/as-dr-practitionerrole,StructureDefinition/as-dp-practitionerrole","ans.fr.nos"
https://mos.esante.gouv.fr/NOS/JDV_J128-TypeCarte-RASS/FHIR/JDV-J128-TypeCarte-RASS,1.2.0,active,"1.2.250.1.213.1.6.1.214",JDV_J128-TypeCarte-RASS,null,"Type de carte dans le RASS","StructureDefinition/as-ext-smartcard","ans.fr.nos"
https://mos.esante.gouv.fr/NOS/JDV_J129-CategorieEtablissement-RASS/FHIR/JDV-J129-CategorieEtablissement-RASS,1.2.0,active,"1.2.250.1.213.1.6.1.215",JDV_J129-CategorieEtablissement-RASS,null,"Catégorie d'établissement du RASS","StructureDefinition/as-organization,StructureDefinition/as-dr-organization,StructureDefinition/as-dp-organization","ans.fr.nos"
https://mos.esante.gouv.fr/NOS/JDV_J130-CNAMAmeliSecteurConventionnement-RASS/FHIR/JDV-J130-CNAMAmeliSecteurConventionnement-RASS,1.2.0,active,"1.2.250.1.213.1.6.1.216",JDV_J130-CNAMAmeliSecteurConventionnement-RASS,null,"Secteur de conventionnement du professionnel libéral","StructureDefinition/as-ext-practitionerrole-contracted","ans.fr.nos"
https://mos.esante.gouv.fr/NOS/JDV_J131-CategorieActiviteSanitaireRegulee-RASS/FHIR/JDV-J131-CategorieActiviteSanitaireRegulee-RASS,1.2.0,active,"1.2.250.1.213.1.6.1.217",JDV_J131-CategorieActiviteSanitaireRegulee-RASS,null,"Catégorie des activités sanitaires régulées dans le RASS","StructureDefinition/as-dr-healthcareservice-healthcare-activity,StructureDefinition/as-dp-healthcareservice-healthcare-activity,StructureDefinition/as-healthcareservice-healthcare-activity","ans.fr.nos"
https://mos.esante.gouv.fr/NOS/JDV_J132-ModaliteActivite-RASS/FHIR/JDV-J132-ModaliteActivite-RASS,1.2.0,active,"1.2.250.1.213.1.6.1.218",JDV_J132-ModaliteActivite-RASS,null,"Mode d'application ou type de soins encadrant une activité dans le RASS","StructureDefinition/as-dr-healthcareservice-healthcare-activity,StructureDefinition/as-dp-healthcareservice-healthcare-activity,StructureDefinition/as-healthcareservice-healthcare-activity","ans.fr.nos"
https://mos.esante.gouv.fr/NOS/JDV_J133-ActiviteSanitaireRegulee-RASS/FHIR/JDV-J133-ActiviteSanitaireRegulee-RASS,1.2.0,active,"1.2.250.1.213.1.6.1.219",JDV_J133-ActiviteSanitaireRegulee-RASS,null,"Activités sanitaires soumises à une régulation de la part de l'ARS dans le RASS","StructureDefinition/as-dr-healthcareservice-healthcare-activity,StructureDefinition/as-dp-healthcareservice-healthcare-activity,StructureDefinition/as-healthcareservice-healthcare-activity","ans.fr.nos"
https://mos.esante.gouv.fr/NOS/JDV_J134-FormeActivite-RASS/FHIR/JDV-J134-FormeActivite-RASS,1.2.0,active,"1.2.250.1.213.1.6.1.220",JDV_J134-FormeActivite-RASS,null,"Type d'organisation de prise en charge du RASS","StructureDefinition/as-dr-healthcareservice-healthcare-activity,StructureDefinition/as-dp-healthcareservice-healthcare-activity,StructureDefinition/as-healthcareservice-healthcare-activity","ans.fr.nos"
https://mos.esante.gouv.fr/NOS/JDV_J135-EquipementMaterielLourd-RASS/FHIR/JDV-J135-EquipementMaterielLourd-RASS,1.2.0,active,"1.2.250.1.213.1.6.1.221",JDV_J135-EquipementMaterielLourd-RASS,null,"Equipements Matériels Lourds dans le RASS","StructureDefinition/as-device,StructureDefinition/as-dp-device,StructureDefinition/as-dr-device","ans.fr.nos"
https://mos.esante.gouv.fr/NOS/JDV_J136-DisciplineEquipementSocial-RASS/FHIR/JDV-J136-DisciplineEquipementSocial-RASS,1.2.0,active,"1.2.250.1.213.1.6.1.222",JDV_J136-DisciplineEquipementSocial-RASS,null,"Disciplines d'équipement pour le social dans le RASS","StructureDefinition/as-dr-healthcareservice-social-equipment,StructureDefinition/as-dp-healthcareservice-social-equipment,StructureDefinition/as-healthcareservice-social-equipment","ans.fr.nos"
https://mos.esante.gouv.fr/NOS/JDV_J137-Clientele-RASS/FHIR/JDV-J137-Clientele-RASS,1.2.0,active,"1.2.250.1.213.1.6.1.223",JDV_J137-Clientele-RASS,null,"Population prise en charge par l'établissement dans le cadre","StructureDefinition/as-dr-healthcareservice-social-equipment,StructureDefinition/as-dp-healthcareservice-social-equipment,StructureDefinition/as-healthcareservice-social-equipment","ans.fr.nos"
https://mos.esante.gouv.fr/NOS/JDV_J138-TypeActivite-RASS/FHIR/JDV-J138-TypeActivite-RASS,1.2.0,active,"1.2.250.1.213.1.6.1.224",JDV_J138-TypeActivite-RASS,null,"Type d'activité dans le RASS","StructureDefinition/as-dr-healthcareservice-social-equipment,StructureDefinition/as-dp-healthcareservice-social-equipment,StructureDefinition/as-healthcareservice-social-equipment","ans.fr.nos"
https://mos.esante.gouv.fr/NOS/JDV_J139-TypeBAL-RASS/FHIR/JDV-J139-TypeBAL-RASS,1.2.0,active,"1.2.250.1.213.1.6.1.225",JDV_J139-TypeBAL-RASS,null,"Type de boîte aux lettres dans le RASS","StructureDefinition/as-dp-practitionerrole,StructureDefinition/as-dp-organization,StructureDefinition/as-ext-mailbox-mss-metadata,StructureDefinition/as-dp-practitioner","ans.fr.nos"
https://mos.esante.gouv.fr/NOS/JDV_J162-ESPIC-RASS/FHIR/JDV-J162-ESPIC-RASS,1.2.0,active,"1.2.250.1.213.1.6.1.226",JDV_J162-ESPIC-RASS,null,"Etablissement de santé privée d'intérêt collectif dans le RASS","StructureDefinition/as-organization,StructureDefinition/as-dr-organization,StructureDefinition/as-dp-organization","ans.fr.nos"
https://mos.esante.gouv.fr/NOS/JDV_J73-MetierPharmacien-RASS/FHIR/JDV-J73-MetierPharmacien-RASS,1.2.0,active,"1.2.250.1.213.1.6.1.141",JDV_J73-MetierPharmacien-RASS,null,"Ensemble des sections et sous-sections du tableau du CNOP dans le RASS","StructureDefinition/as-practitionerrole,StructureDefinition/as-dr-practitionerrole,StructureDefinition/as-dp-practitionerrole","ans.fr.nos"
https://mos.esante.gouv.fr/NOS/JDV_J74-Pays-RASS/FHIR/JDV-J74-Pays-RASS,1.2.0,retired,"1.2.250.1.213.1.6.1.142",JDV_J74-Pays-RASS,null,"Pays (codes INSEE) du RASS","StructureDefinition/as-address-extended,StructureDefinition/as-ext-person-nationality","ans.fr.nos"
https://mos.esante.gouv.fr/NOS/JDV_J75-TypeAutorisation-RASS/FHIR/JDV-J75-TypeAutorisation-RASS,1.2.0,active,"1.2.250.1.213.1.6.1.143",JDV_J75-TypeAutorisation-RASS,null,"Type d'autorisation d'exercice pour accès à l'exercice de la profession du RASS","StructureDefinition/as-practitioner,StructureDefinition/as-dr-practitioner,StructureDefinition/as-ext-practitioner-authorization,StructureDefinition/as-dp-practitioner","ans.fr.nos"
https://mos.esante.gouv.fr/NOS/JDV_J76-DisciplineAutorisation-RASS/FHIR/JDV-J76-DisciplineAutorisation-RASS,1.2.0,active,"1.2.250.1.213.1.6.1.144",JDV_J76-DisciplineAutorisation-RASS,null,"Discipline à laquelle l'autorisation d'exercice est restreinte dans le RASS","StructureDefinition/as-practitioner,StructureDefinition/as-dr-practitioner,StructureDefinition/as-ext-practitioner-authorization,StructureDefinition/as-dp-practitioner","ans.fr.nos"
https://mos.esante.gouv.fr/NOS/JDV_J78-Civilite-RASS/FHIR/JDV-J78-Civilite-RASS,1.2.0,active,"1.2.250.1.213.1.6.1.146",JDV_J78-Civilite-RASS,null,"Civilités des personnes physiques du RASS","StructureDefinition/as-practitioner,StructureDefinition/as-dr-practitioner,StructureDefinition/as-person,StructureDefinition/as-dr-person,StructureDefinition/as-dp-practitioner","ans.fr.nos"
https://mos.esante.gouv.fr/NOS/JDV_J79-CiviliteExercice-RASS/FHIR/JDV-J79-CiviliteExercice-RASS,1.2.0,active,"1.2.250.1.213.1.6.1.147",JDV_J79-CiviliteExercice-RASS,null,"Civilités d'exercice d'un professionnel du RASS","StructureDefinition/as-practitioner,StructureDefinition/as-dr-practitioner,StructureDefinition/as-person,StructureDefinition/as-dr-person,StructureDefinition/as-dp-practitioner","ans.fr.nos"
https://mos.esante.gouv.fr/NOS/JDV_J81-TypeDiplome-RASS/FHIR/JDV-J81-TypeDiplome-RASS,1.2.0,active,"1.2.250.1.213.1.6.1.149",JDV_J81-TypeDiplome-RASS,null,"Types de diplôme du RASS","StructureDefinition/as-practitioner,StructureDefinition/as-dr-practitioner,StructureDefinition/as-dp-practitioner","ans.fr.nos"
https://mos.esante.gouv.fr/NOS/JDV_J82-Langue-RASS/FHIR/JDV-J82-Langue-RASS,1.2.0,active,"1.2.250.1.213.1.6.1.150",JDV_J82-Langue-RASS,null,"Langues (codes ISO-639) des professionnels du RASS","StructureDefinition/as-practitioner,StructureDefinition/as-dr-practitioner,StructureDefinition/as-dp-practitioner","ans.fr.nos"
https://mos.esante.gouv.fr/NOS/JDV_J83-AutoriteEnregistrement-RASS/FHIR/JDV-J83-AutoriteEnregistrement-RASS,1.2.0,active,"1.2.250.1.213.1.6.1.151",JDV_J83-AutoriteEnregistrement-RASS,null,"Autorités d'enregistrement des acteurs de santé du RASS","StructureDefinition/as-practitioner,StructureDefinition/as-ext-data-trace,StructureDefinition/as-dr-practitioner,StructureDefinition/as-ext-registration,StructureDefinition/as-dp-practitioner","ans.fr.nos"
https://mos.esante.gouv.fr/NOS/JDV_J84-DepartementOM-RASS/FHIR/JDV-J84-DepartementOM-RASS,1.2.0,retired,"1.2.250.1.213.1.6.1.152",JDV_J84-DepartementOM-RASS,null,"Départements (outre-mer et Monaco inclus) pour le RASS","StructureDefinition/as-practitioner,StructureDefinition/as-address-extended,StructureDefinition/as-dr-practitioner,StructureDefinition/as-ext-registration,StructureDefinition/as-dp-practitioner","ans.fr.nos"
https://mos.esante.gouv.fr/NOS/JDV_J85-StatutInscription-RASS/FHIR/JDV-J85-StatutInscription-RASS,1.2.0,active,"1.2.250.1.213.1.6.1.153",JDV_J85-StatutInscription-RASS,null,"Statut avancement dossier de référencement personne du RASS auprès d'un ordre","StructureDefinition/as-practitioner,StructureDefinition/as-dr-practitioner,StructureDefinition/as-ext-registration,StructureDefinition/as-dp-practitioner","ans.fr.nos"
https://mos.esante.gouv.fr/NOS/JDV_J86-NatCycleForm-RASS/FHIR/JDV-J86-NatCycleForm-RASS,1.2.0,active,"1.2.250.1.213.1.6.1.154",JDV_J86-NatCycleForm-RASS,null,"Natures du cycle de formation des professionnels du RASS","StructureDefinition/as-practitioner,StructureDefinition/as-dr-practitioner,StructureDefinition/as-ext-education-level,StructureDefinition/as-dp-practitioner","ans.fr.nos"
https://mos.esante.gouv.fr/NOS/JDV_J87-NiveauFormAcquis-RASS/FHIR/JDV-J87-NiveauFormAcquis-RASS,1.2.0,active,"1.2.250.1.213.1.6.1.155",JDV_J87-NiveauFormAcquis-RASS,null,"Niveau de formation acquis dans le cycle de formation des professionnels du RASS","StructureDefinition/as-practitioner,StructureDefinition/as-dr-practitioner,StructureDefinition/as-ext-education-level,StructureDefinition/as-dp-practitioner","ans.fr.nos"
https://mos.esante.gouv.fr/NOS/JDV_J88-AnneeUniversitaire-RASS/FHIR/JDV-J88-AnneeUniversitaire-RASS,1.2.0,active,"1.2.250.1.213.1.6.1.156",JDV_J88-AnneeUniversitaire-RASS,null,"Années universitaires des professionnels du RASS","StructureDefinition/as-practitioner,StructureDefinition/as-dr-practitioner,StructureDefinition/as-ext-education-level,StructureDefinition/as-dp-practitioner","ans.fr.nos"
https://mos.esante.gouv.fr/NOS/JDV_J89-CategorieProfessionnelle-RASS/FHIR/JDV-J89-CategorieProfessionnelle-RASS,1.2.0,active,"1.2.250.1.213.1.6.1.157",JDV_J89-CategorieProfessionnelle-RASS,null,"Catégories professionnelles dans le RASS","StructureDefinition/as-practitioner,StructureDefinition/as-dr-practitioner,StructureDefinition/as-dp-practitioner","ans.fr.nos"
https://mos.esante.gouv.fr/NOS/JDV_J91-TypeSavoirFaire-RASS/FHIR/JDV-J91-TypeSavoirFaire-RASS,1.2.0,active,"1.2.250.1.213.1.6.1.159",JDV_J91-TypeSavoirFaire-RASS,null,"Types de savoir-faire des professionnels du RASS","StructureDefinition/as-practitioner,StructureDefinition/as-dr-practitioner,StructureDefinition/as-dp-practitioner","ans.fr.nos"
https://mos.esante.gouv.fr/NOS/JDV_J94-GenreActivite-RASS/FHIR/JDV-J94-GenreActivite-RASS,1.2.0,active,"1.2.250.1.213.1.6.1.162",JDV_J94-GenreActivite-RASS,null,"Activités des professionnels RASS nécessitant des règles de gestion spécifiques","StructureDefinition/as-practitionerrole,StructureDefinition/as-dr-practitionerrole,StructureDefinition/as-dp-practitionerrole","ans.fr.nos"
https://mos.esante.gouv.fr/NOS/JDV_J95-ModeExercice-RASS/FHIR/JDV-J95-ModeExercice-RASS,1.2.0,active,"1.2.250.1.213.1.6.1.163",JDV_J95-ModeExercice-RASS,null,"Modes d'exercice du professionnel du RASS","StructureDefinition/as-practitionerrole,StructureDefinition/as-dr-practitionerrole,StructureDefinition/as-dp-practitionerrole","ans.fr.nos"
https://mos.esante.gouv.fr/NOS/JDV_J96-TypeActiviteLiberale-RASS/FHIR/JDV-J96-TypeActiviteLiberale-RASS,1.2.0,active,"1.2.250.1.213.1.6.1.164",JDV_J96-TypeActiviteLiberale-RASS,null,"Types d'activité libérale des professionnels du RASS","StructureDefinition/as-practitionerrole,StructureDefinition/as-dr-practitionerrole,StructureDefinition/as-dp-practitionerrole","ans.fr.nos"
https://mos.esante.gouv.fr/NOS/JDV_J97-StatutProfessionnelSSA-RASS/FHIR/JDV-J97-StatutProfessionnelSSA-RASS,1.2.0,active,"1.2.250.1.213.1.6.1.165",JDV_J97-StatutProfessionnelSSA-RASS,null,"Statuts des professionnels du Service de Santé des Armées dans le RASS","StructureDefinition/as-practitionerrole,StructureDefinition/as-dr-practitionerrole,StructureDefinition/as-dp-practitionerrole","ans.fr.nos"
https://mos.esante.gouv.fr/NOS/JDV_J98-StatutHospitalier-RASS/FHIR/JDV-J98-StatutHospitalier-RASS,1.2.0,active,"1.2.250.1.213.1.6.1.166",JDV_J98-StatutHospitalier-RASS,null,"Statut des professionnels intervenant dans un hôpital dans le RASS","StructureDefinition/as-practitionerrole,StructureDefinition/as-dr-practitionerrole,StructureDefinition/as-dp-practitionerrole","ans.fr.nos"
https://mos.esante.gouv.fr/NOS/JDV_J99-InseeNAFrav2Niveau5-RASS/FHIR/JDV-J99-InseeNAFrav2Niveau5-RASS,1.2.0,active,"1.2.250.1.213.1.6.1.167",JDV_J99-InseeNAFrav2Niveau5-RASS,null,"Sous-classes de la Nomenclature Activités Française (INSEE) des prof du RASS","StructureDefinition/as-organization,StructureDefinition/as-dr-organization,StructureDefinition/as-dp-organization","ans.fr.nos"
